day observed model persistence
1 30.0 25.4 27.8
2 16.6 27.3 34.7
3 29.0 26.1 33.3
4 19.6 29.4 33.3
5 10.7 14.2 30.0
6 6.8 9.7 16.6
7 13.3 10.6 29.0
8 19.5 14.3 19.6
9 26.8 20.4 10.7
10 26.8 20.2 6.8
11 34.5 25.9 13.3
12 34.7 27.3 19.5
13 47.8 33.4 26.8
14 40.9 35.3 26.8
15 39.3 37.2 34.5
16 37.8 35.5 34.7
17 39.4 34.0 47.8
18 37.8 34.0 40.9
19 69.6 35.5 39.3
20 118.0 47.4 37.8
21 93.9 58.9 39.4
22 58.8 51.1 37.8
23 55.5 63.4 69.6
24 59.1 55.6 118.0
26 52.2 51.6 58.8
27 56.3 62.9 55.5
28 86.1 46.1 59.1
29 58.1 50.8 59.1
30 58.7 45.8 52.2
31 106.0 54.7 56.3
32 141.0 63.2 86.1
33 101.0 64.9 58.1
35 34.9 48.6 106.0
36 51.0 61.0 141.0
37 77.5 61.8 101.0
38 83.4 66.9 101.0
39 82.7 53.2 34.9
40 73.2 64.6 51.0
41 67.1 69.7 77.5
42 61.8 67.2 83.4
43 70.9 67.4 82.7
44 73.9 49.8 73.2
45 67.5 57.1 67.1
46 66.5 57.9 61.8
47 65.7 67.0 70.9
48 61.7 72.2 73.9
49 75.8 73.4 67.5
50 62.1 74.0 66.5
51 76.2 70.4 65.7
52 69.9 75.0 61.7
53 69.3 73.3 75.8
54 71.8 57.7 62.1
55 61.7 50.8 76.2
56 54.2 55.5 69.9
57 60.1 61.5 69.3
58 49.3 49.3 71.8
59 34.4 49.1 61.7
60 33.0 53.4 54.2
